% delta = [10 15 20];
% M1 = 3;
% M2   = [2.50, 2.25, 2.05];
% p2p1 = [2.05, 2.85, 3.85];
% M3   = [2.10, 1.65, 1.20];
% p3p2 = [1.90, 2.40, 2.80];
% 
% k  = ((1+0.2*M3.^2)/(1+0.2*M1^2)).^(1.4/0.4);
% 
% po3po1 = p3p2.*p2p1.*k;
% po1_3po1 = 1 - po3po1;
% 
% po1po3 = 1./po3po1;
% 
% deltaentropy = (0.4).*log(po1po3);

%%
pdpu = [2.00 1.8];

Mun = sqrt((pdpu.*2.4+0.4)/(2.80));

TdTu = (2.8.*Mun.^2 - 0.4).*(2+0.4.*Mun.^2)./(2.40.*Mun).^2;

p2p1 = 4.69;
M2 = 2;  
M4 = [2.40, 2.43, 2.46];

p4p1 = ((1+0.2*M2^2)./(1+0.2.*M4.^2)).^(1.4/0.4)*p2p1;


